{
  "advancedEditorSelectedIdentifier" : "ShaderGraphEditorPluginID",
  "openSceneRelativePaths" : [
    "Scene.usda"
  ],
  "recentIdentifiers" : {
    "26DBAE76-5DD8-47B6-A085-1B4ADA111097" : [

    ]
  },
  "sceneCameraHistory" : {
    "26DBAE76-5DD8-47B6-A085-1B4ADA111097" : [
      {
        "date" : 753023856.22579,
        "title" : "Untitled",
        "transform" : [
          0.040684152,
          -7.313435e-08,
          0.99917203,
          0,
          0.53951484,
          0.84168947,
          -0.02196786,
          0,
          -0.8409926,
          0.5399619,
          0.034243498,
          0,
          -0.11477128,
          0.056995954,
          0.00435607,
          1
        ]
      },
      {
        "date" : 753021905.887126,
        "title" : "Untitled",
        "transform" : [
          0.040684152,
          -7.313435e-08,
          0.99917203,
          0,
          0.53951484,
          0.84168947,
          -0.02196786,
          0,
          -0.8409926,
          0.5399619,
          0.034243498,
          0,
          -0.40035394,
          0.19881764,
          0.015195176,
          1
        ]
      },
      {
        "date" : 753021893.149336,
        "title" : "Untitled",
        "transform" : [
          0.040684152,
          -7.313435e-08,
          0.99917203,
          0,
          0.53951484,
          0.84168947,
          -0.02196786,
          0,
          -0.8409926,
          0.5399619,
          0.034243498,
          0,
          -0.39967123,
          0.19881752,
          0.03196393,
          1
        ]
      },
      {
        "date" : 753021699.57007,
        "title" : "Untitled",
        "transform" : [
          0.13432801,
          -7.313435e-08,
          0.9909369,
          0,
          0.5350682,
          0.84168947,
          -0.072531976,
          0,
          -0.8340612,
          0.5399619,
          0.11306255,
          0,
          -0.13198502,
          0.066448934,
          0.023178998,
          1
        ]
      },
      {
        "date" : 753020525.729553,
        "title" : "Untitled",
        "transform" : [
          -0.3971351,
          -7.3311234e-08,
          0.91776013,
          0,
          0.45887786,
          0.8660268,
          0.19856665,
          0,
          -0.79480493,
          0.4999976,
          -0.3439296,
          0,
          -0.12768939,
          0.060112406,
          -0.049544863,
          1
        ]
      },
      {
        "date" : 753020416.146427,
        "title" : "Untitled",
        "transform" : [
          -0.39713526,
          -1.912483e-08,
          0.91776013,
          0,
          0.45887783,
          0.8660269,
          0.19856668,
          0,
          -0.79480493,
          0.4999976,
          -0.34392968,
          0,
          -0.14549465,
          0.091439165,
          -0.06255294,
          1
        ]
      },
      {
        "date" : 753020396.989901,
        "title" : "Untitled",
        "transform" : [
          -0.3980873,
          -1.912483e-08,
          0.91734755,
          0,
          0.45867148,
          0.86602676,
          0.19904266,
          0,
          -0.79444754,
          0.49999753,
          -0.34475416,
          0,
          -0.17197753,
          0.10813149,
          -0.074223556,
          1
        ]
      },
      {
        "date" : 753020343.626017,
        "title" : "Untitled",
        "transform" : [
          -0.38830864,
          -1.912483e-08,
          0.9215294,
          0,
          0.4607624,
          0.86602676,
          0.19415335,
          0,
          -0.7980691,
          0.49999753,
          -0.3362856,
          0,
          -0.14788304,
          0.09256009,
          -0.061908204,
          1
        ]
      },
      {
        "date" : 753020262.645169,
        "title" : "Untitled",
        "transform" : [
          -0.38830864,
          -1.912483e-08,
          0.9215294,
          0,
          0.4607624,
          0.86602676,
          0.19415335,
          0,
          -0.7980691,
          0.49999753,
          -0.3362856,
          0,
          -0.24570115,
          0.15378451,
          -0.10312234,
          1
        ]
      },
      {
        "date" : 753020201.46572,
        "title" : "Untitled",
        "transform" : [
          -0.38830864,
          -1.912483e-08,
          0.9215294,
          0,
          0.4607624,
          0.86602676,
          0.19415335,
          0,
          -0.7980691,
          0.49999753,
          -0.3362856,
          0,
          -0.25993413,
          0.11076288,
          -0.10573394,
          1
        ]
      }
    ]
  },
  "sceneViewportBackgroundColors" : {

  }
}