{
  "advancedEditorSelectedIdentifier" : "ProjectBrowser",
  "openSceneRelativePaths" : [
    "Materials\/GridMaterial.usda"
  ],
  "recentIdentifiers" : {
    "C82541FF-125F-437B-8B79-4AAB41CF6661" : [

    ]
  },
  "sceneCameraHistory" : {
    "C82541FF-125F-437B-8B79-4AAB41CF6661" : [
      {
        "date" : 753152020.433286,
        "title" : "Untitled",
        "transform" : [
          0.995692,
          1.7374385e-11,
          0.09272188,
          0,
          0.0141207455,
          0.98833567,
          -0.15163533,
          0,
          -0.091640346,
          0.15229139,
          0.98407793,
          0,
          -0.047226895,
          0.56665707,
          0.61039054,
          1
        ]
      },
      {
        "date" : 753152018.72847,
        "title" : "Untitled",
        "transform" : [
          0.995692,
          1.7374385e-11,
          0.09272188,
          0,
          0.0141207455,
          0.98833567,
          -0.15163533,
          0,
          -0.091640346,
          0.15229139,
          0.98407793,
          0,
          -0.06540164,
          0.50148684,
          0.84529257,
          1
        ]
      },
      {
        "date" : 753151976.781053,
        "title" : "Untitled",
        "transform" : [
          0.995692,
          1.7374385e-11,
          0.09272188,
          0,
          0.0141207455,
          0.98833567,
          -0.15163533,
          0,
          -0.091640346,
          0.15229139,
          0.98407793,
          0,
          -0.11268816,
          0.85185105,
          0.78666806,
          1
        ]
      },
      {
        "date" : 753151972.302005,
        "title" : "Untitled",
        "transform" : [
          0.995692,
          1.7374385e-11,
          0.09272188,
          0,
          0.0141207455,
          0.98833567,
          -0.15163533,
          0,
          -0.091640346,
          0.15229139,
          0.98407793,
          0,
          -0.17231114,
          0.75682545,
          1.2470857,
          1
        ]
      },
      {
        "date" : 753151951.986193,
        "title" : "Untitled",
        "transform" : [
          0.995692,
          1.7374385e-11,
          0.09272188,
          0,
          0.0141207455,
          0.98833567,
          -0.15163533,
          0,
          -0.091640346,
          0.15229139,
          0.98407793,
          0,
          -0.23789455,
          0.44748977,
          1.2888497,
          1
        ]
      },
      {
        "date" : 753151941.352743,
        "title" : "Untitled",
        "transform" : [
          0.9981857,
          1.7374385e-11,
          0.060210787,
          0,
          0.009169585,
          0.98833567,
          -0.15201509,
          0,
          -0.05950847,
          0.15229139,
          0.9865425,
          0,
          -0.36840522,
          1.0482805,
          4.127659,
          1
        ]
      },
      {
        "date" : 753151865.650533,
        "title" : "Untitled",
        "transform" : [
          0.99904567,
          1.7374385e-11,
          0.043677542,
          0,
          0.0066517135,
          0.98833567,
          -0.15214606,
          0,
          -0.04316807,
          0.15229139,
          0.9873925,
          0,
          -0.110776216,
          0.53620136,
          0.81341237,
          1
        ]
      },
      {
        "date" : 753151851.74208,
        "title" : "Untitled",
        "transform" : [
          0.99904567,
          1.7374385e-11,
          0.043677542,
          0,
          0.0066517135,
          0.98833567,
          -0.15214606,
          0,
          -0.04316807,
          0.15229139,
          0.9873925,
          0,
          -0.12611325,
          0.78180873,
          1.1597216,
          1
        ]
      },
      {
        "date" : 753151783.453259,
        "title" : "Untitled",
        "transform" : [
          0.99904567,
          1.7374385e-11,
          0.043677542,
          0,
          0.0066517135,
          0.98833567,
          -0.15214606,
          0,
          -0.04316807,
          0.15229139,
          0.9873925,
          0,
          -0.09074964,
          0.38975286,
          1.2217367,
          1
        ]
      },
      {
        "date" : 753149409.972472,
        "title" : "Untitled",
        "transform" : [
          0.99982065,
          1.7374385e-11,
          0.018940555,
          0,
          0.0028844832,
          0.98833567,
          -0.15226407,
          0,
          -0.018719627,
          0.15229139,
          0.9881584,
          0,
          0.046133105,
          0.54711866,
          0.7726635,
          1
        ]
      }
    ]
  },
  "sceneViewportBackgroundColors" : {

  },
  "selectedSceneRelativePath" : "Materials\/GridMaterial.usda"
}