{
  "advancedEditorSelectedIdentifier" : "ProjectBrowser",
  "openSceneRelativePaths" : [
    "Materials\/GridMaterial.usda"
  ],
  "recentIdentifiers" : {
    "C82541FF-125F-437B-8B79-4AAB41CF6661" : [

    ]
  },
  "sceneCameraHistory" : {
    "C82541FF-125F-437B-8B79-4AAB41CF6661" : [
      {
        "date" : 752945880.935368,
        "title" : "Untitled",
        "transform" : [
          0.9999578,
          4.892653e-10,
          -0.009194347,
          0,
          -0.0045964466,
          0.8660711,
          -0.49989977,
          0,
          0.007962958,
          0.49992093,
          0.8660345,
          0,
          0.005400656,
          0.7726033,
          0.5922959,
          1
        ]
      },
      {
        "date" : 752945877.018874,
        "title" : "Untitled",
        "transform" : [
          0.9999578,
          4.892653e-10,
          -0.009194347,
          0,
          -0.0045964466,
          0.8660711,
          -0.49989977,
          0,
          0.007962958,
          0.49992093,
          0.8660345,
          0,
          0.0038504829,
          0.68740255,
          0.42370224,
          1
        ]
      },
      {
        "date" : 752873963.125246,
        "title" : "Untitled",
        "transform" : [
          0.9999578,
          4.892653e-10,
          -0.009194347,
          0,
          -0.0045964466,
          0.8660711,
          -0.49989977,
          0,
          0.007962958,
          0.49992093,
          0.8660345,
          0,
          0.005612579,
          0.355385,
          0.6153441,
          1
        ]
      },
      {
        "date" : 752815624.918594,
        "title" : "Untitled",
        "transform" : [
          0.99995774,
          7.739197e-11,
          -0.009194348,
          0,
          -0.0021863156,
          0.9713168,
          -0.23777904,
          0,
          0.008930624,
          0.23778908,
          0.97127575,
          0,
          -0.12900323,
          1.1675382,
          1.3106084,
          1
        ]
      },
      {
        "date" : 752815606.069168,
        "title" : "Untitled",
        "transform" : [
          1,
          0,
          0,
          0,
          0,
          0.7071069,
          -0.70710677,
          0,
          0,
          0.70710677,
          0.7071069,
          0,
          0.10563628,
          1.9564327,
          1.0506755,
          1
        ]
      },
      {
        "date" : 752815594.781663,
        "title" : "Untitled",
        "transform" : [
          1,
          0,
          0,
          0,
          0,
          0.7071069,
          -0.70710677,
          0,
          0,
          0.70710677,
          0.7071069,
          0,
          0.10563628,
          2.1253214,
          1.1403306,
          1
        ]
      },
      {
        "date" : 752815580.249031,
        "title" : "Untitled",
        "transform" : [
          1,
          0,
          0,
          0,
          0,
          0.7071069,
          -0.70710677,
          0,
          0,
          0.70710677,
          0.7071069,
          0,
          0.13218172,
          2.2306955,
          1.4268854,
          1
        ]
      }
    ]
  },
  "sceneViewportBackgroundColors" : {

  }
}